lambertian
0.83 0.70 0.44

mesh
40
16
-0.5  -0.4    0.5
-0.5  -0.4   -0.5
-0.5   0.4   -0.5
-0.5   0.4    0.5

-0.5   0.4    0.5
-0.5   0.4   -0.5
 0.0   1.2    0.0

-0.5   0.4   -0.5
 0.5   0.4   -0.5
 0.0   1.2    0.0

 0.5   0.4   -0.5
 0.5   0.4    0.5
 0.0   1.2    0.0

 0.5   0.4    0.5
-0.5   0.4    0.5
 0.0   1.2    0.0

 0.5  -0.4    0.5
 0.5  -0.4   -0.5
 0.5   0.4   -0.5
 0.5   0.4    0.5

 0.5  -0.4   -0.5
-0.5  -0.4   -0.5
-0.5   0.4   -0.5
 0.5   0.4   -0.5

 0.5  -0.4    0.5
-0.5  -0.4    0.5
-0.5   0.4    0.5
 0.5   0.4    0.5

-0.5  -0.4    0.5
-0.5  -0.4   -0.5
 0.0  -1.2    0.0

-0.5  -0.4   -0.5
 0.5  -0.4   -0.5
 0.0  -1.2    0.0

 0.5  -0.4   -0.5
 0.5  -0.4    0.5
 0.0  -1.2    0.0

 0.5  -0.4    0.5
-0.5  -0.4    0.5
 0.0  -1.2    0.0


0  1  2 	
0  2  3 	
4  6  5 	
7  9  8 	
10  12  11 
13  15  14 
16  17  18 
16  18  19 
20  21  22 
20  22  23 
24  25  26 
24  26  27 
28  30  29 
31  33  32 
34  36  35 
37  39  38



light 
1.5 1.5 1.5

sphere
0 -1 0
.4

lambertian
.8 0 0

sphere
-.5 -.4 -.5
.2

lambertian
0 0 .8

sphere
-.5 -.4 .5
.2

lambertian
.6 0 .2

sphere
-.5 .4 -.5
.2

lambertian
.2 0 .6

sphere
-.5 .4 .5
.2